0.94556520
1.45406796
1.05417380
0.63536800
0.68514840
0.59248151
0.65264196
0.45795735
0.47792413
0.46402259
0.53747004
0.61640730
0.43766245
0.62129415
0.40257218
0.51211548
0.47742470
0.41583909
0.41161276
0.67099437
0.39332527
0.35909387
0.37671644
0.35495207
0.36634157
0.33528837
0.50923166
0.48625109
0.34691270
0.33444483
0.31992956
0.36178850
0.33203360
0.42687175
0.38771822
0.36798917
0.43056824
0.42791122
0.33361370
0.32611534
0.32690162
0.41314213
0.31271133
0.30223302
0.29311985
0.27397506
0.29804397
0.28633330
0.31194628
0.29960892
0.27366524
0.28732454
0.31584766
0.28460331
0.27280848
0.41785995
0.37891933
0.33560255
0.30718890
0.50779712
0.27236810
0.28827255
0.31469987
0.30926708
0.26439934
0.30540727
0.28516742
0.26777749
0.27388119
0.25553897
0.31166552
0.35213348
0.27235548
0.43489061
0.30462400
0.32597700
0.26111455
0.25250257
0.25500551
0.28940723
0.25521068
0.24990033
0.28409686
0.27133755
0.27866554
0.24330158
0.30693783
0.24544372
0.25894812
0.24151452
0.39045731
0.26103307
0.34842854
0.42600263
0.24156349
0.25572826
0.22368484
0.25344205
0.23624907
0.22720625
0.21850168
0.43772695
0.22913961
0.23126012
0.22896692
0.20922302
0.21712965
0.20867196
0.20720284
0.22898384
0.21013635
0.54117086
0.21104021
0.19284432
0.22514694
0.21176962
0.21769279
0.20682097
0.21499119
0.20828213
0.20953185
0.24405959
0.22617649
0.23117676
0.18234806
0.18864094
0.19976104
0.20872928
0.17796055
0.24672329
0.22250377
0.19190227
0.17963387
0.20484892
0.17496337
0.19781012
0.19534192
0.18358903
0.16656421
0.16484556
0.19226506
0.17093218
0.17294140
0.17704438
0.15382406
0.15946361
0.16158067
0.19235539
0.16165547
0.16963735
0.15739853
0.15989588
0.15758759
0.16282342
0.16136464
0.17904140
0.18830712
0.16364734
0.16332196
0.15113969
0.21878648
0.15452422
0.15529454
0.20861672
0.14943488
0.14330528
0.15819635
0.14575501
0.13176706
0.14058554
0.14487796
0.13768811
0.14307927
0.13978621
0.13640245
0.13215412
0.14830025
0.12770058
0.14969606
0.15860045
0.13939247
0.17393531
0.13730934
0.15561249
0.14873683
0.15137241
0.18300121
0.12773605
0.19421853
0.12579729
0.14643729
0.17428412
0.18317916
0.13355965
0.11848932
0.11798764
0.11224615
0.12621702
0.11585402
0.13196750
0.14252890
0.13354253
0.14186083
0.14746804
0.18185313
0.13334022
0.11950980
0.13724455
0.11784196
0.11019877
0.11408916
0.11760563
0.11405634
0.10625893
0.11208060
0.10398232
0.15429963
0.12396657
0.10667239
0.21523588
0.10806877
0.13048737
0.13452438
0.10440609
0.10807508
0.12153516
0.10395300
0.10197776
0.11514304
0.11214013
0.10001591
0.10514875
0.13756723
0.16265863
0.11888087
0.10798700
0.11693792
0.11023435
0.12123465
0.10889455
0.14270950
0.10041560
0.12349755
0.09776562
0.14998403
0.11337888
0.12946395
0.09528124
0.12884697
0.14591610
0.12598819
0.09792615
0.10709070
0.11063731
0.11488624
0.09554598
0.09206622
0.09898199
0.08979612
0.09932793
0.10421120
0.09553958
0.09799176
0.09738913
0.08902241
0.13328433
0.09932984
0.09468254
0.09268802
0.10740543
0.09523811
0.13395383
0.09273372
0.11479536
0.09285422
0.10933110
0.08897680
0.09462247
0.15532309
0.13655006
0.09818345
0.08448616
0.13408903
0.09346487
0.08789550
0.09854939
0.09350864
0.11752632
0.09099903
0.08806548
0.11762975
0.09000457
0.10331640
0.08523111
0.08186332
0.09544537
0.11311553
0.09314949
0.10017305
0.09230499
0.11332406
0.09885023
0.10551837
0.10637489
0.08889428
0.10300477
0.10337663
0.09686747
0.09367357
0.09278099
0.08315140
0.09036137
0.09776164
0.08890835
0.08637681
0.07765250
0.10226028
0.09302450
0.09623679
0.08339145
0.13479395
0.08708291
0.11047296
0.08090636
0.09332294
0.12737140
0.08011997
0.12350250
0.08782968
0.09188304
0.09951818
0.08680438
0.07945822
0.10958388
0.08440035
0.09648269
0.08206915
0.08199025
0.08823152
0.08838517
0.08842748
0.09220733
0.11150250
0.13811696
0.08517752
0.07855123
0.10398403
0.08832756
0.07931423
0.10389595
0.09048524
0.11910018
0.08915722
0.07872510
0.07411296
0.08401331
0.07789091
0.08440424
0.07726045
0.08391395
0.07734327
0.07876153
0.08224926
0.08193423
0.09548148
0.09479352
0.20048822
0.07510302
0.08298485
0.09610845
0.07394391
0.08066737
0.12057261
0.12625020
0.08000550
0.07858821
0.07719124
0.07985780
0.09485660
0.08269635
0.07960225
0.07966042
0.08349071
0.07833296
0.07347270
0.09937821
0.07259614
0.08293576
0.09365816
0.08088140
0.07759316
0.08530741
0.07490217
0.08284523
0.11857224
0.08875377
0.10241647
0.08573556
0.07662647
0.07380715
0.08260185
0.08208965
0.07640274
0.08073826
0.07999334
0.09760838
0.07945003
0.07500120
0.15164089
0.07687037
0.08118767
0.07456643
0.08109751
0.10682048
0.09061602
0.07679122
0.09117897
0.07861398
0.07705410
0.07996856
0.07637809
0.07544942
0.10192131
0.14752310
0.07658080
0.06895428
0.07680189
0.08431376
0.06817749
0.07425929
0.08756309
0.07030743
0.06826931
0.06654062
0.07112548
0.07516966
0.07240861
0.11450710
0.07559721
0.08069048
0.07932271
0.07740396
0.08084201
0.07714623
0.08712099
0.08264855
0.08475122
0.11180720
0.07297154
0.10520006
0.07919067
0.07811596
0.08530944
0.12888908
0.06948157
0.07336335
0.07210246
0.07464198
0.07273718
0.07685868
0.07347324
0.06756626
0.06815194
0.07014409
0.06973924
0.08207688
0.06541109
0.07085234
0.08051868
0.07932025
0.06973024
0.08570725
0.08567916
0.08835232
0.07473346
0.06812148
0.08177216
0.10611794
0.08236756
0.07940128
0.06687736
0.06863726
0.07097617
0.08044666
0.07244067
0.07214102
0.07895980
0.11246818
0.07653528
0.07390220
0.06839115
0.06524339
0.07298028
0.07228813
0.07652261
0.07281321
0.06608228
0.07226788
0.10183948
0.07324578
0.08168237
0.07133865
0.09149500
0.07666128
0.07577967
0.07822289
0.08319283
0.07211232
0.06950229
0.07331768
0.06797259
0.06908665
0.06656005
0.07882129
0.07522293
0.06400828
0.06576914
0.07384111
0.07783382
0.06687680
0.06979933
0.06699491
0.07621912
0.11078987
0.07287166
0.07359759
0.06917700
0.06601178
0.07319455
0.07173848
0.07771761
0.06971628
0.06441694
0.07026846
0.06561881
0.06789479
0.07041742
0.06977543
0.07225923
0.08499469
0.06681788
0.07773564
0.08450632
0.07680231
0.07586837
0.06735003
0.06596696
0.07794765
0.07227600
0.06590553
0.06560499
0.07187562
0.14567209
0.07544838
0.07745021
0.07580662
0.06446623
0.07203663
0.07432895
0.06658979
0.06371549
0.08897064
0.07161965
0.06924675
0.06444598
0.06579798
0.07820372
0.07298565
0.06764390
0.07418721
0.06931929
0.06981971
0.06516941
0.07351126
0.07403628
0.07090403
0.06268481
0.06911116
0.07206975
0.06547510
0.06582109
0.09906272
0.06652761
0.07353069
0.06972895
0.09223867
0.07546256
0.07123744
0.09249907
0.06480702
0.06143857
0.06146604
0.07053197
0.06327113
0.06915353
0.09031806
0.07050039
0.06536993
0.07662276
0.06474452
0.07044152
0.06921412
0.06653171
0.06488762
0.07764661
0.08658039
0.08241397
0.08607069
0.07143209
0.07290754
0.06316300
0.07835159
0.07610377
0.07603378
0.06626383
0.08581305
0.06394115
0.06787068
0.06730212
0.06417381
0.06184502
0.07762378
0.07944598
0.07945579
0.07940650
0.07189892
0.06381477
0.07770814
0.08602467
0.08354854
0.10978753
0.08474891
0.06982279
0.07044923
0.07787393
0.07635565
0.06276097
0.06419791
0.06559666
0.07051164
0.06377568
0.06580480
0.06632573
0.06337093
0.07062001
0.07081789
0.06566284
0.06171709
0.08026901
0.06478940
0.06248530
0.06201768
0.07027857
0.07991943
0.07301912
0.06420894
0.06601874
0.07462192
0.06907764
0.06752985
0.06755295
0.07133772
0.07664999
0.07044080
0.14151575
0.08176901
0.07859529
0.08452430
0.06903416
0.07138133
0.06497272
0.06640815
0.06963415
0.07180508
0.07296875
0.06609385
0.08205040
0.07531891
0.07164694
0.07643646
0.07713565
0.07880932
0.06497844
0.06489667
0.06661423
0.06798999
0.07188097
0.06681896
0.06545217
0.07099547
0.07268419
0.20400600
0.06842184
0.06448240
0.06442712
0.06282650
0.06143651
0.06666386
0.06650527
0.06961701
0.07871301
0.07068265
0.08162400
0.06498354
0.06884933
0.06607329
0.06086941
0.06524720
0.06153535
0.07878669
0.07041684
0.06743909
0.06447936
0.07546332
0.06221188
0.06127473
0.06959425
0.07280492
0.07962460
0.07225707
0.06239618
0.07011835
0.06380376
0.06297306
0.06636164
0.06441597
0.08198276
0.07862171
0.07255621
0.07777019
0.06244590
0.06238524
0.06407736
0.06360336
0.06139441
0.06530526
0.06682583
0.06442254
0.08123947
0.06167090
0.06597366
0.06556374
0.06822071
0.06666742
0.06432580
0.06488683
0.06783482
0.06272418
0.06250692
0.06342057
0.06091785
0.06380811
0.06169286
0.06574981
0.06745486
0.06132489
0.06418466
0.06302412
0.07823526
0.06542427
0.06683688
0.06528009
0.06421876
0.06147296
0.06753854
0.05992757
0.06206772
0.05861377
0.06042167
0.07140604
0.06173633
0.06545091
0.06214251
0.07773617
0.06053338
0.06838573
0.06881236
0.06512506
0.06393722
0.06823953
0.06527218
0.06675744
0.07866749
0.06724834
0.07631467
0.06951754
0.07520123
0.06800837
0.07168674
0.06513951
0.06299457
0.06882118
0.08677269
0.06876052
0.06573040
0.06170700
0.06909379
0.06072110
0.08029798
0.05958791
0.07138629
0.06613419
0.06747686
0.07617419
0.09631584
0.07185993
0.11734256
0.06445106
0.06412165
0.06114284
0.05998861
0.06723966
0.07249958
0.06681535
0.07468858
0.06434618
0.06616690
0.07391073
0.06460420
0.07310665
0.06410069
0.08392432
0.06046808
0.06264434
0.06887080
0.06128725
0.06081769
0.06813304
0.06539507
0.06083985
0.06661097
0.07570269
0.06178469
0.06208570
0.06179151
0.06307421
0.06077967
0.06573319
0.06617846
0.06420340
0.06381385
0.06377186
0.07630047
0.08522513
0.06381229
0.06319938
0.06833046
0.06652679
0.07867730
0.07849555
0.06203496
0.06344732
0.06800376
0.06403528
0.05888829
0.06058550
0.06386648
0.07190959
0.06705036
0.07767008
0.06282047
0.06184963
0.06431526
0.06374925
0.06374247
0.06523729
0.06182667
0.06487774
0.06656730
0.05746168
0.06669795
0.06175231
0.05915462
0.05894093
0.06043524
0.06091763
0.07488434
0.06303320
0.06457074
0.06114741
0.06422637
0.06015177
0.06716972
0.05822243
0.06302761
0.05902037
0.06011095
0.07188204
0.06463824
0.05745836
0.06325487
0.06301233
0.06762987
0.08037459
0.07141595
0.07722790
0.06642664
0.07337795
0.06140975
0.07382810
0.06271188
0.05952474
0.06232670
0.05991702
0.05825594
0.07437736
0.06424177
0.06803023
0.05961962
0.06447426
0.06097293
0.05885411
0.07920820
0.06235556
0.06396432
0.05893501
0.06880532
0.07330854
0.05842137
0.05973305
0.06348738
0.10868194
0.06279925
0.08941501
0.06653291
0.07185113
0.06304122
0.06628415
0.07033502
0.07620951
0.06766737
0.06170856
0.05811455
0.06596408
0.06053781
0.06100206
0.06202627
0.06515552
0.06854336
0.06030602
0.05825191
0.05887733
0.06090142
0.06283718
0.06283932
0.06002777
0.06208345
0.05806669
0.06708413
0.06484438
0.06226216
0.06331939
0.07030948
0.06415380
0.06900531
0.06859199
0.06687155
0.10260167
0.06757119
0.07101155
0.06079914
0.05828308
0.05937990
0.05818645
0.06124708
0.06024160
0.05953200
0.05929127
0.06326113
0.07714543
0.05792102
0.06237156
0.05954777
0.06261639
0.06541475
0.06806077
0.05913685
0.06047719
0.06672596
0.07094015
0.07233932
0.06687850
0.06316514
0.06315734
0.06208911
0.06565762
0.06196289
0.06388686
0.06218654
0.06366200
0.06343925
0.06244276
0.06859415
0.06248818
0.07738168
0.07369090
0.06188110
0.06124564
0.06088359
0.06294111
