1.36990237
1.88163562
3.99899589
7.97998533
8.50074887
2.03101922
0.87564567
0.86856108
0.85783445
0.83097371
0.81700356
0.80067859
0.77922958
0.75851516
0.74721125
0.72854506
0.72305190
0.71437016
0.70090033
0.68852563
0.68277517
0.67209074
0.68707040
0.66765404
0.66921828
0.66192538
0.65858526
0.65689334
0.64821831
0.63941987
0.64120345
0.63658560
0.62882964
0.63804511
0.61944293
0.61560088
0.61244357
0.61316465
0.60305170
0.60127702
0.59845484
0.59140194
0.59246468
0.58356657
0.57790094
0.57235395
0.57600971
0.56682879
0.56184890
0.55684064
0.55226376
0.56401492
0.55266611
0.54267147
0.53403631
0.53033455
0.52656752
0.52329034
0.51828972
0.51601149
0.52018348
0.51666336
0.53984423
0.50950795
0.50624902
0.49709903
0.48599850
0.50115892
0.47884924
0.47274679
0.47259032
0.46789961
0.46319629
0.46836492
0.45849740
0.45140924
0.44886606
0.44363412
0.44546530
0.44066911
0.43485100
0.44271748
0.42737993
0.43521805
0.44986764
0.44091207
0.43710517
0.42884742
0.43119153
0.39927734
0.41676549
0.39467660
0.39486437
0.38783234
0.38185224
0.39236793
0.37574892
0.37317268
0.37885728
0.37445344
0.40354368
0.38093957
0.35809726
0.35453767
0.35506344
0.34709881
0.34194144
0.36682083
0.39523492
0.33746921
0.34201410
0.33622548
0.35761400
0.34078493
0.41258751
0.32382660
0.32493666
0.32129600
0.33556953
0.31685486
0.31799242
0.34120673
0.35228653
0.32960668
0.31518816
0.32984803
0.31503633
0.32724416
0.31213998
0.30723245
0.32387542
0.30307609
0.30229816
0.30781503
0.31057174
0.30144633
0.31204231
0.29860198
0.32471114
0.39066294
0.39111759
0.31828501
0.31224933
0.30255330
0.29411849
0.29648577
0.29461669
0.33572540
0.31257894
0.37089548
0.36524491
0.29563582
0.29284701
0.29961196
0.29241777
0.29584550
0.30336453
0.28928793
0.30975846
0.32971695
0.30403302
0.28732278
0.29152101
0.30186419
0.29207329
0.28511010
0.28990428
0.29522196
0.28559323
0.28977496
0.29018146
0.31010237
0.28204892
0.28782166
0.35100155
0.31650819
0.31203322
0.28333948
0.30734426
0.29928086
0.29676585
0.28720047
0.31338184
0.33383802
0.28888685
0.34268379
0.29769306
0.37018197
0.50214346
0.44202181
0.55992412
0.56775802
0.35052576
0.32142568
0.32505000
0.29681572
0.28202943
0.28063786
0.27632625
0.30158277
0.28423719
0.28638542
0.29301819
0.28140069
0.28183493
0.29356706
0.28143443
0.27801560
0.27798380
0.28103721
0.28127654
0.29154556
0.32481024
0.27930351
0.29445734
0.28077795
0.27303754
0.27251594
0.27582852
0.27131151
0.27417654
0.30902265
0.31746894
0.30836308
0.31509512
0.28925670
0.35808046
0.45874519
0.31546277
0.29693762
0.28861480
0.29019402
0.29178816
0.36892958
0.47865595
0.38477964
0.29286367
0.26975201
0.27029720
0.26872815
0.26808406
0.27004366
0.26808827
0.27963314
0.29152308
0.27207002
0.30428079
0.32360686
0.35325971
0.30239940
0.30344615
0.30277871
0.27722077
0.27379347
0.28002598
0.27383430
0.27005947
0.28933998
0.29636900
0.27601558
0.28161906
0.26646803
0.27525614
0.26805181
0.27510872
0.26605325
0.26437837
0.26310822
0.29476249
0.35929448
0.29162905
0.27767122
0.26536094
0.26236818
0.26270531
0.27131988
0.26611865
0.28583051
0.27819328
0.26584570
0.26214268
0.26629418
0.28428303
0.26223445
0.26665882
0.26017484
0.26151247
0.26155550
0.26791706
0.28998064
0.26113863
0.28334824
0.26497539
0.30715272
0.34315900
0.27888165
0.28106576
0.27061394
0.26572620
0.26191258
0.25950898
0.27256114
0.26851652
0.26488438
0.26142768
0.29335279
0.32714974
0.35443584
0.30231506
0.28619265
0.27924882
0.26511759
0.27042423
0.28496126
0.26126552
0.26385891
0.25946552
0.26599565
0.26125181
0.25584370
0.27898230
0.27531262
0.30869456
0.26647469
0.26055971
0.26378905
0.26477258
0.26508559
0.27911457
0.31615302
0.27252353
0.26544706
0.28690957
0.27076753
0.26726948
0.28524157
0.31794635
0.32572958
0.27309700
0.26258982
0.28427324
0.26248801
0.25730520
0.25436619
0.25800980
0.25634794
0.25577600
0.25491664
0.25876631
0.27847323
0.26341912
0.26243362
0.25069486
0.26179957
0.25500941
0.25879200
0.25586189
0.26012428
0.27130527
0.25071405
0.26887228
0.25440501
0.25906787
0.25211219
0.27413823
0.25962383
0.27816824
0.25190104
0.25828822
0.27472497
0.30285345
0.29821060
0.28338447
0.24801225
0.26243434
0.24947875
0.26354847
0.25401207
0.28296041
0.27594720
0.28291434
0.31120729
0.25740425
0.26152541
0.25713951
0.25514376
0.26560112
0.25420555
0.25308161
0.24625071
0.26261552
0.28966187
0.26484443
0.25128490
0.25206087
0.24585221
0.24690870
0.24931175
0.24353335
0.26550904
0.24740485
0.24332238
0.24987118
0.27508146
0.25007241
0.24667022
0.24516149
0.24203476
0.24404531
0.24349779
0.24131382
0.24186234
0.24289394
0.25029123
0.26248560
0.29033148
0.24111641
0.25936404
0.29128361
0.24411157
0.28115346
0.31043749
0.25363945
0.26613682
0.25183250
0.25104093
0.28908071
0.26233328
0.24886478
0.24598490
0.24335033
0.24334812
0.24059539
0.24093854
0.24192811
0.23941882
0.25633904
0.25983010
0.23946940
0.24222713
0.24600061
0.23716343
0.23789131
0.23910942
0.24807725
0.24453759
0.23830121
0.23881171
0.23830335
0.28303970
0.30186032
0.23536020
0.24098309
0.23444519
0.23384314
0.23268689
0.23732735
0.23371329
0.23214524
0.23214413
0.23452895
0.23498352
0.24071972
0.24732870
0.23282899
0.24844733
0.26178609
0.24735852
0.29869536
0.28360348
0.25568494
0.23134121
0.27561741
0.24730485
0.23695389
0.23405336
0.25181683
0.23131088
0.23309679
0.23805331
0.23731642
0.23191036
0.23179064
0.23581947
0.23058888
0.23204032
0.23168999
0.23859927
0.22815389
0.24724843
0.22768486
0.23522809
0.22753001
0.23434757
0.23326710
0.23004189
0.24098874
0.22655243
0.22785336
0.22916879
0.22672054
0.22587311
0.24850709
0.26327444
0.27609912
0.26930163
0.22823310
0.22445356
0.23238961
0.22950915
0.23787903
0.22598667
0.22713268
0.26411051
0.24226966
0.22278802
0.22897336
0.24450732
0.22927589
0.22159545
0.23634745
0.23806145
0.22177148
0.23451600
0.23473438
0.22449816
0.23545528
0.21898432
0.24082703
0.23331954
0.23355340
0.22156332
0.22187340
0.22325184
0.24269363
0.23908204
0.26429525
0.25709794
0.23079346
0.27479923
0.21727420
0.21783260
0.22133799
0.21648261
0.21617436
0.22503486
0.21562247
0.21647884
0.21640434
0.22228901
0.21644858
0.21745588
0.21474149
0.21728865
0.22839704
0.22481238
0.25703316
0.22199749
0.21411593
0.22255818
0.21355893
0.21534355
0.21198235
0.21388386
0.21736793
0.21163393
0.22093524
0.22560910
0.21162066
0.23088316
0.26305930
0.25818988
0.33955829
0.37267493
0.31548637
0.25562650
0.21176808
0.21223966
0.22056567
0.21074954
0.21121151
0.21113437
0.21230456
0.20912952
0.20964840
0.20850136
0.21135508
0.23229329
0.22813021
0.20992657
0.21070217
0.21457180
0.21030372
0.21976709
0.23072453
0.21178453
0.20723278
0.21743281
0.21922854
0.21954902
0.21142499
0.22493344
0.21278932
0.21489982
0.21395458
0.20484067
0.20675954
0.21003617
0.23292124
0.23929512
0.23284383
0.21703894
0.21437166
0.20338193
0.20509166
0.20298849
0.21476336
0.25819513
0.20422254
0.20287348
0.21779064
0.20574611
0.20913026
0.20358411
0.23225285
0.20350495
0.20636801
0.21228255
0.25395748
0.26476183
0.23505667
0.20762712
0.20234268
0.20652106
0.22007678
0.20663391
0.20081355
0.19814649
0.19828579
0.21689560
0.20881706
0.19859329
0.20206269
0.23070465
0.22898709
0.19828280
0.20994192
0.20219883
0.20020730
0.19515733
0.19404030
0.19539383
0.19588308
0.19678082
0.20022912
0.21689878
0.23574014
0.19725464
0.19295718
0.19491701
0.19455184
0.21523528
0.24661478
0.20026773
0.22576300
0.19198627
0.19050819
0.19750064
0.19066959
0.21554710
0.20195797
0.20115097
0.19006388
0.19225344
0.20034381
0.18961106
0.22085245
0.19544348
0.19417537
0.21917365
0.27514916
0.22408013
0.20532108
0.19103205
0.19620234
0.19268650
0.18969666
0.19195157
0.18594178
0.18576703
0.18785779
0.18478066
0.18741578
0.18752962
0.19344166
0.20154767
0.18883213
0.19342445
0.19470094
0.18511663
0.19192085
0.18631746
0.18406395
0.18314744
0.18346162
0.21123869
0.19704264
0.18296257
0.18143785
0.19404759
0.20136300
0.24190677
0.20145015
0.19227020
0.18149420
0.18134053
0.17977224
0.18041529
0.18377037
0.19611357
0.19216246
0.18195551
0.18972245
0.18049602
0.20211563
0.18246345
0.18039120
0.18179996
0.19654787
0.18343445
0.18200847
0.18045573
0.18156296
0.18901937
0.19712346
0.18726584
0.18264116
0.18702911
0.20576844
0.21468465
0.17541134
0.17572348
0.18424518
0.18019841
0.18490444
0.20139201
0.17725725
0.17873477
0.17750135
0.18027873
0.17495134
0.17769650
0.17521191
0.17369200
0.19514212
0.19221332
0.19486645
0.17295446
0.17907066
0.17787143
0.17668738
0.17536295
0.17220609
0.17255288
0.17071347
0.19387306
0.17235463
0.16956268
0.18341830
0.17804833
0.16883518
0.16983659
0.17693300
0.19373282
0.16768869
0.16873879
0.17341666
0.17217560
0.17092686
0.17748707
0.21065615
0.18108696
0.17754593
0.16695711
0.18235890
0.19581785
0.18814624
0.20310840
0.16827236
0.16465014
0.16874939
0.16483580
0.16906109
0.16574091
0.17081139
0.16367804
0.16387836
0.16312892
0.17054235
0.16907691
0.16416309
0.16550015
0.16609624
0.16569047
0.17053102
0.16665914
0.16260988
0.16932578
0.16067470
0.16082501
0.17835350
0.16149620
0.16488468
0.16260636
0.16480619
0.16431006
0.16152676
0.16739513
0.16363971
0.18549421
0.16826996
0.16566988
0.20067149
0.16428298
0.16031148
0.17024652
0.16301219
0.15979019
0.15751453
0.15932918
0.15736061
0.16764682
0.15677567
0.16701094
0.16696199
0.15625138
0.16444601
0.16551517
0.15813168
0.15495809
0.15610253
0.15772369
0.15438078
0.15839375
0.15793460
0.16010658
0.16154035
0.15474396
0.15580209
0.15345763
0.15273183
0.15697564
0.15490103
0.15568611
0.16290573
0.15371437
0.15471192
0.16580793
0.16144449
0.17516816
0.15222037
0.15251393
0.15134456
0.15610308
0.15436921
0.15934235
0.16211657
0.15380521
0.15200166
0.15581345
0.15344559
0.15323934
0.14963927
0.15062043
0.14962459
0.15223925
0.15794388
0.17193314
0.15798506
0.16147139
0.15375513
0.15666908
0.15044791
0.14885197
0.15101373
0.15071765
0.15053835
0.14709175
0.14810824
0.14711348
0.14738979
0.14689558
0.14787391
0.15480101
0.14702208
0.15427903
0.14816624
0.14995217
0.14488965
0.14767607
0.14529950
0.14519747
0.14701170
0.14785588
0.14744933
0.15710846
0.15199954
0.14255778
0.14320573
0.14485740
0.14339620
0.14347877
0.14264935
0.14241558
0.14622054
0.14493374
0.14183119
0.14193497
0.14501255
0.14102572
0.14245209
0.14381915
0.14093298
0.15835149
0.14190018
0.14382460
0.14304669
0.14171660
0.14369935
0.14017165
0.13977570
0.14021714
0.16155300
0.15581495
0.13978678
0.17540671
0.24610552
0.20011258
0.14801082
0.13898817
0.14982596
0.15079917
0.13956075
0.14023356
0.13789739
0.17318608
0.17511164
0.14560462
0.13815980
0.14337629
0.17094228
0.14321414
0.13610708
0.13701165
0.13746612
0.14082590
0.13768322
0.13997381
0.14020188
0.14187883
0.13482334
0.13594719
0.13827330
0.13617678
0.13558820
0.13823396
0.13544597
0.13977743
0.13412781
0.13650778
0.13581277
0.13342779
0.13631364
0.13333956
0.13202655
0.13985758
0.13303810
0.13221839
0.13203667
0.13456343
0.13521760
0.13220693
0.13681376
0.13154896
0.13712331
0.13271634
0.13621544
0.13321657
0.12987388
0.13550607
0.13860264
0.13814361
0.13140053
0.13024928
0.13110876
0.13938260
0.12993291
0.12846674
0.13041007
0.12804590
0.12962494
0.13575965
0.17311752
0.12832663
0.12702716
0.12833199
0.12778952
0.12983656
0.13217267
0.12858080
0.13124439
0.12793901
0.12925500
0.12679626
0.12619230
0.12813868
0.12652227
0.12634551
0.13162105
0.12408879
0.12437380
0.13058030
0.12461313
0.12694229
0.12717269
0.12319537
0.12743954
0.13294187
0.12540297
0.12414830
0.12569321
0.12395481
0.12438701
0.12354681
0.12545503
0.12546296
0.12253329
0.12471110
0.12160501
0.13061393
0.12403040
0.12306746
0.12479965
0.12238877
0.12238228
0.12142630
0.12055322
0.12266898
0.12030277
0.12322654
0.12721056
0.12002116
0.12064444
0.11998581
0.12234617
0.12018183
0.13700457
0.14387766
0.15253535
0.12743982
0.13105718
0.14272793
0.13037301
0.11900957
0.12057768
0.11833339
0.11940431
0.11860257
0.12018062
0.13054478
0.12272706
0.13244317
0.13048351
0.12802748
0.12013979
0.12739198
0.12718536
0.17459987
0.14010726
0.12817227
0.11909492
0.12785072
0.11716906
0.11853683
0.12105331
0.15915193
0.11869677
0.11793359
0.11579018
0.11717710
0.11595260
0.11597607
0.11586747
0.11752944
0.11623352
0.12600965
0.12267752
0.12600108
0.12723747
0.11583505
0.11668154
0.11722333
0.13440793
0.12330720
0.11427574
0.12298096
0.11973007
0.12111656
0.11387740
0.11465221
0.11403603
0.11431100
0.11545289
0.11356445
0.11723023
0.11211253
0.11298869
0.11289024
0.12175900
0.11173634
0.11867738
0.13214252
0.11489506
0.11411820
0.11678846
0.13256836
0.12095841
0.10984047
0.11046632
0.11028802
0.11458778
0.11546266
0.11530082
0.11383540
0.13187157
0.12922370
0.11121019
0.11200030
0.11279963
0.11225999
0.11921054
0.10950643
0.11071515
0.10878406
0.11306778
0.12072275
0.10985980
0.11727075
0.10749862
0.10744118
0.10852295
0.10842695
0.10678181
0.11000226
0.10772041
0.10856446
0.12216314
0.13331952
0.11687707
0.11030657
0.11073392
0.10838327
0.10712800
0.10653364
0.10912534
0.10790761
0.11502791
0.11146016
0.11481376
0.11200381
0.11054933
0.10654017
0.10494987
0.10736211
0.12246685
0.10415875
0.10927464
0.10748117
0.10681400
0.10890360
0.10546893
0.10395255
0.10743393
0.10644418
0.12239908
0.11600617
0.16235879
0.15450875
0.11993235
0.12240758
0.14557592
0.12535876
0.11012332
0.10605039
0.10659869
0.10386504
0.10493946
0.10317453
0.10490577
0.10439578
0.10350794
0.10330947
0.10277164
0.11687571
0.11072003
0.10535188
0.10578312
0.10193679
0.10464976
0.10292964
0.11264641
0.10484443
0.10696492
0.10110471
0.11805532
0.10854806
0.11128607
0.10578213
0.11261474
0.10282163
0.10491350
0.13912670
0.11856416
0.12310106
0.11596963
0.15428309
0.11361318
0.10006297
0.10900783
0.09867762
0.10594050
0.12030608
0.10531976
0.12286449
0.11090844
0.10098562
0.09898043
0.10052527
0.10322298
0.11113438
0.10185153
0.10065003
0.10064343
0.10226777
0.09922580
0.09782250
0.10008915
0.10203256
0.09720437
0.09621300
0.09919113
0.09718822
0.09810454
0.11747593
0.09837502
0.09642078
0.09588241
0.09957740
0.10095266
0.09662600
0.09775426
0.09609117
0.09520000
0.10046785
0.09807057
0.09873518
0.09626167
0.09592019
0.09581082
0.09545506
0.09596611
0.09571735
0.09445889
0.09617132
0.10521752
0.09801167
0.09988133
0.10515922
0.10040892
0.10776269
0.10156452
0.10242952
0.09854672
0.09624304
0.11541033
0.10190867
0.09533025
0.10033422
0.09564128
0.09558597
0.09535795
0.09924407
0.09770959
0.09417994
0.09351809
0.09283852
0.09236683
0.09714059
0.09312954
0.09433492
0.09308244
0.09424819
0.09237247
0.09551956
0.09281015
0.09190068
0.09565097
0.09580244
0.09343413
0.09275491
0.09194463
0.09276258
0.09241344
0.09203640
0.09757759
0.09827375
0.10349565
0.10719158
0.09758704
0.10925723
0.09833295
0.10221956
0.09134135
0.09467485
0.09143071
0.09376223
0.10444785
0.09397912
0.09319315
0.09689664
0.09558294
0.09156294
0.09154409
0.09055879
0.09071129
0.09225832
0.09176986
0.09689992
0.09110488
0.09162245
0.09692252
0.09853625
0.09352460
0.09857866
0.09589960
0.09144343
0.08894914
0.09278097
0.09056988
0.09065516
0.08960724
0.09032612
0.08896178
0.09183583
0.09173478
0.10663960
0.09395012
0.09325426
0.08970724
0.09301515
0.09295495
0.09592887
0.09793162
0.09253793
0.09002102
0.09000978
0.09102547
0.08974738
0.08938478
0.09019965
0.09065131
0.08895516
0.09231090
0.08767588
0.08726727
0.08790187
0.08749346
0.09406019
0.11039376
0.09323146
0.08998560
0.08991050
0.08701225
0.08646292
0.08696747
0.08687591
0.08905176
0.08948792
0.09080074
0.10085824
0.09120669
0.09837148
0.09137500
0.08593005
0.10760334
0.10043157
0.09870535
0.09056462
0.09039396
0.08557476
0.08652539
0.08842385
0.08565674
0.08571438
0.08789176
0.08647184
0.08673823
0.09205793
0.08575752
0.09895931
0.11112140
0.09582492
0.08887584
0.09985065
0.10211194
0.10454166
0.12386253
0.09862438
0.08541032
0.08495453
0.09721342
0.10182006
0.08507480
0.08557050
0.08696129
0.08912364
0.08764194
0.10119322
0.09843820
0.09332050
0.08753690
0.08504553
0.08632353
0.09039291
0.09434991
0.09117720
0.08788444
0.08542217
0.08611324
0.09961709
0.08833001
0.08531815
0.08826042
0.08430944
0.08591789
0.08857301
0.08517435
0.09051875
0.08309164
0.08798676
0.09616397
0.08683263
0.08735117
0.08853270
0.09013952
0.08362932
0.08501291
0.08226627
0.09141796
0.08539981
0.08236661
0.08213187
0.08480953
0.08666308
0.08278922
0.08320842
0.09706122
0.08165187
0.08179575
0.08501153
0.08717823
0.09388799
0.10628281
0.08873769
0.08532597
0.08774947
0.08255401
0.08432774
0.08215923
0.08183467
0.08312259
0.08637911
0.08256299
0.08296360
0.09093855
0.08157175
0.08446867
0.08791753
0.08243098
0.08156967
0.08608681
0.09973686
0.09097436
0.09872369
0.08629156
0.10671057
0.08532939
0.07993758
0.08046525
0.09150889
0.08480792
0.08212202
0.08622751
0.08103730
0.08048558
0.07959497
0.07920544
0.08011336
0.08149615
0.08530206
0.08312727
0.08052036
0.08168193
0.07986455
0.08177351
0.08119138
0.08337190
0.09317547
0.09403797
0.08154149
0.08098812
0.07970859
0.08337842
0.07869458
0.08161424
0.08007381
0.08157568
0.08268833
0.07910613
0.08512493
0.10585045
0.08536959
0.07984632
0.08036131
0.07839481
0.07797623
0.08107131
0.07803256
0.08353977
0.07868844
0.08164388
0.07973472
0.08520183
0.10243904
0.09549644
0.08193573
0.08274833
0.07858996
0.07764260
0.08204963
0.07866165
0.08007601
0.07764285
0.07705593
0.08145084
0.08026231
0.08024521
0.08046391
0.08201647
0.08428979
0.13834047
0.26037905
0.31928053
0.18090464
0.12678234
0.11529794
0.09574258
0.07849876
0.07730738
0.07807328
0.07802248
0.07757213
0.07742302
0.08115127
0.08364607
0.08409835
0.09050687
0.08788275
0.08050707
0.08982268
0.09203593
0.08237010
0.08343659
0.08238007
0.08590882
0.08958902
0.07703965
0.07615130
0.07697658
0.07966757
0.08856478
0.09690473
0.11449117
0.07998954
0.07662674
0.07688155
0.08210807
0.08462397
0.08127953
0.08544665
0.08739416
0.08232584
0.07722807
0.07626057
0.07608449
0.07774126
0.07661427
0.07638064
0.08011481
0.07727388
0.08034296
0.08806274
0.10553751
0.12548904
0.13650769
0.08192779
0.07567735
0.07588353
0.08158851
0.07577592
0.07924570
0.08953865
0.09794454
0.08397676
0.07546614
0.07599100
0.07987813
0.07526590
0.07519930
0.07421923
0.07521072
0.08595724
0.08165111
0.09182704
0.08373264
0.09677721
0.07878669
0.07555625
0.07853166
0.07484626
0.07557180
0.07596025
0.07704539
0.08241702
0.08426587
0.07947023
0.07688482
0.07603308
0.08382083
0.08416488
0.07584286
0.07997902
0.07782716
0.09321726
0.07728140
0.07733640
0.07893909
0.09396282
0.07653721
0.07420041
0.08449233
0.07742347
0.07520301
0.07962232
0.07548562
0.07373719
0.07838641
0.07737314
0.08001670
0.07362907
0.07443736
0.07451485
0.07785908
0.08891436
0.08791650
0.07583267
0.07592263
0.08141784
0.07302716
0.07315748
0.07797015
0.07382102
0.07875573
0.07478818
0.07264038
0.07421202
0.07393619
0.07226645
0.07497714
0.07942387
0.07685118
0.07280899
0.08294802
0.07535340
0.09287800
0.09468754
0.08717776
0.07229557
0.07277623
0.07946171
0.07642905
0.09238713
0.07892666
0.07704181
0.07694734
0.08160537
0.07670563
0.07951892
0.08336563
0.08909318
0.10859161
0.08744277
0.08398487
0.07468494
0.07349337
0.07878197
0.07711143
0.10253549
0.10184379
0.07962311
0.07634858
0.07433651
0.07254577
0.07288751
0.07779955
0.08093252
0.07130254
0.07547080
0.07125834
0.07131532
0.07139802
0.07342340
0.07182479
0.07132861
0.07337583
0.07250848
0.07157367
0.07226856
0.07170150
0.07166476
0.08209093
0.09486867
0.10351306
0.10465580
0.07805247
0.07577557
0.08184857
0.10360487
0.08815970
0.08034135
0.07124724
0.07416183
0.07323865
0.07281608
0.07311235
0.07073317
0.07220863
0.07066864
0.07285206
0.07339444
0.07095297
0.07366344
0.07043731
0.07885500
0.07298841
0.07256119
0.07151437
0.07149713
0.08333053
0.07338442
0.07355552
0.07125345
0.07084253
0.07078076
0.07108122
0.09050017
0.07570184
0.07146097
0.07062316
0.06975718
0.07246533
0.07527264
0.07081287
0.07949251
0.10272455
0.10790586
0.08519189
0.08396593
0.06981914
0.07284787
0.07213435
0.07091358
0.06966197
0.07032193
0.07117442
0.07067798
0.07085932
0.07322704
0.07926180
0.07613233
0.08054040
0.06926226
0.06875457
0.07089792
0.07435476
0.07009003
0.07081225
0.07970010
0.07220433
0.07193544
0.07479506
0.07735883
0.07080558
0.07301059
0.06868643
0.07195612
0.07047700
0.06994186
0.07176409
0.07228552
0.07275799
0.06990546
0.07213664
0.07002585
0.07460681
0.07136626
0.06935082
0.06878679
0.06976903
0.06998533
0.08022686
0.07187500
0.07005935
0.06927208
0.06860493
0.07179550
0.08581599
0.07476814
0.07076980
0.07017232
0.07022104
0.07699210
0.07490635
0.08857035
0.08693702
0.07674424
0.10516647
0.08435333
0.06964732
0.07320201
0.06933747
0.07097178
0.09062184
0.10497058
0.10163040
0.11843851
0.10754419
0.10949722
0.13820706
0.08587890
0.08287943
0.07552370
0.07347223
0.07218309
0.06832518
0.06835757
0.07013585
0.07071394
0.07090079
0.06783254
0.06848603
0.06807661
0.06864016
0.06818569
0.07055608
0.07015484
0.08013889
0.07072692
0.07517524
0.07994911
0.08295160
0.07258195
0.06909758
0.06764682
0.06778162
0.06851239
0.06768302
0.07174072
0.07464408
0.07724561
0.07274741
0.07671636
0.07457262
0.08787256
0.07205220
0.07059001
0.07105138
0.06928190
0.09153307
0.08482413
0.07800131
0.06986241
0.06775740
0.06744163
0.06797004
0.06815680
0.06778551
0.06827768
0.07414520
0.07264567
0.07511231
0.07813185
0.08113507
0.07965816
0.08355664
0.06747925
0.07079189
0.06763605
0.06862060
0.06913588
0.06778546
0.06888861
0.07514350
0.07086173
0.06842389
0.07379854
0.07187016
0.06755682
0.06869031
0.07442466
0.07236384
0.07673988
0.06804051
0.06878457
0.07814291
0.07213618
0.06723138
0.06639747
0.06822935
0.06861668
0.06833610
0.06828627
0.06650668
0.06781571
0.06697713
0.06739317
0.06820846
0.06679806
0.06967887
0.06981694
0.07705275
0.06984310
0.06728823
0.07196406
0.06768754
0.06666120
0.07294420
0.06893541
0.06808464
0.07483371
0.07413828
0.08297737
0.09667557
0.06891717
0.06859821
0.08325018
0.06579979
0.06699519
0.07335175
0.07084275
0.06996702
0.06704972
0.07161020
0.06640094
0.06557495
0.06712944
0.06515450
0.06568300
0.06553296
0.06499593
0.06541599
0.07205092
0.07358710
0.06848081
0.06538734
0.06567919
0.06550647
0.06996381
0.09128228
0.07107850
0.06862581
0.06578590
0.06776122
0.06598814
0.06710162
0.06771332
0.06798803
0.06726291
0.06806280
0.06580690
0.06716135
0.06525077
0.06556360
0.06594718
0.06548308
0.06731380
0.06491159
0.06504987
0.06604849
0.06739549
0.06742524
0.06856223
0.08023210
0.07400408
0.07053827
0.06946768
0.06854129
0.08003567
0.07389477
0.06716232
0.06986019
0.06693805
0.06675125
0.06633494
0.06633723
0.06636635
0.06850217
0.06647015
0.06630381
0.06802393
0.06913585
0.06577275
0.07109115
0.06665091
0.06919113
0.06732127
0.07514969
0.09139880
0.09237859
0.08413936
0.07793350
0.07437573
0.07157571
0.08799428
0.08764913
0.07315335
0.07116440
0.07364140
0.07994319
0.07097564
0.07297656
0.08578002
0.07566316
0.08714285
0.07126918
0.06701727
0.07583918
0.06760992
0.06723166
0.06526180
0.06739651
0.06593400
0.07048733
0.06469769
0.06467354
0.06499860
0.06448255
0.06947744
0.06435219
0.06799138
0.06564254
0.06879336
0.06710512
0.06488451
0.06835122
0.07038005
0.06608068
0.10188058
0.12147837
0.08422161
0.07498657
0.06810625
0.06454416
0.06573451
0.07207627
0.06559119
0.06724598
0.06468075
0.06834325
0.06953980
0.06404208
0.06982358
0.06826587
0.07276199
0.08341781
0.06684896
0.07744772
0.06525019
0.06938334
0.07485588
0.07785094
0.07561112
0.06445858
0.06858557
0.07015239
0.06367413
0.06380385
0.06729747
0.07471884
0.06937899
0.08670737
0.08252509
0.09671949
0.06941444
0.06488591
0.06376347
0.06520418
0.06616419
0.06474287
0.06792767
0.06510125
0.06366277
0.06376027
0.06623695
0.06337721
0.06466613
0.07039795
0.07048108
0.07586655
0.07032551
0.06492602
0.06687288
0.06628652
0.06389970
0.06468793
0.07142195
0.06818243
0.06463843
0.06370730
0.06751421
0.07077803
0.06409878
0.06483612
0.06597507
0.06380215
0.06375471
0.06469775
0.06345795
0.06315584
0.07511018
0.07518040
0.07930168
0.06396741
0.06552309
0.06467853
0.06539597
0.06693689
0.06675303
0.07264470
0.06809133
0.08165141
0.07871017
0.06802601
0.06438542
0.07031441
0.06714429
0.06304657
0.06466749
0.06451546
0.06438763
0.06607540
0.06422481
0.06373039
0.06411649
0.06601466
0.06435654
0.07024582
0.06749646
0.06328318
0.06473668
0.06647450
0.06973758
0.07088986
0.06238885
0.06488076
0.06357420
0.06345525
0.06478980
0.06514655
0.06656654
0.06450381
0.06408235
0.06339086
0.06278358
0.06246500
0.06843459
0.06397369
0.06437275
0.06436242
0.06315843
0.06386853
0.06395455
0.07092505
0.06541083
0.06219852
0.06458782
0.06408980
0.06458703
0.06599994
0.06366622
0.06334260
0.06195776
0.06344787
0.07591809
0.07255419
0.06903749
0.07267531
0.07201834
0.06422866
0.06181064
0.06153298
0.06763443
0.07918689
0.10138768
0.09387032
0.07749154
0.06588409
0.06504898
0.06796733
0.06353222
0.06619416
0.06257766
0.06472210
0.07648061
0.06355160
0.07667320
0.06752956
0.08048922
0.07378669
0.06332985
0.06244415
0.06258695
0.06469291
0.06304795
0.06273849
0.06286831
0.06311461
0.06350632
0.06287019
0.06373349
0.06179297
0.06587609
0.06959081
0.06663534
0.06636253
0.06677359
0.07297727
0.06219872
0.06213395
0.06173192
0.06490849
0.06360886
0.06241230
0.06268866
0.06250339
0.06264884
0.07001582
0.06295543
0.06322008
0.06226591
0.07151800
0.06249621
0.06166929
0.06204188
0.06218750
0.07523982
0.07043550
0.06509460
0.07303268
0.06392388
0.06354848
0.06208238
0.06285513
0.06254990
0.06766799
0.06180449
0.06290792
0.06169341
0.06214650
0.06283939
0.11245975
0.07522094
0.07095638
0.06401479
0.06322641
0.06989693
0.06307892
0.06561053
0.08807572
0.08608096
0.08390905
0.09035842
0.07607305
0.07214229
0.07707045
0.06854127
0.06607030
0.06198749
0.06524106
0.06204279
0.06161763
0.07413977
0.06148587
0.06144249
0.06145604
0.06169778
0.06271463
0.06185765
0.06109273
0.06110547
0.06130277
0.06236556
0.06368618
0.06120365
0.06566617
0.06789429
0.06975781
0.06155081
0.06158275
0.06135666
0.06157810
0.06176710
0.06192686
0.06094917
0.06150747
0.06130661
0.06927230
0.06823724
0.06935578
0.06810298
0.06093750
0.06106573
0.06172304
0.06593910
0.06471685
0.06616456
0.06044405
0.06234151
0.06007550
0.06065745
0.06067545
0.06065419
0.06380808
0.06040415
0.06058518
0.06108415
0.06047775
0.06057451
0.06055656
0.06119683
0.06107710
0.06530103
0.07022205
0.06152904
0.06341742
0.06367845
0.06452687
0.06429042
0.06215873
0.06067330
0.06070791
0.06144977
0.06664298
0.06161021
0.06085132
0.06170477
0.06498766
0.07004265
0.06055684
0.06208955
0.06035143
0.06030667
0.06442101
0.06779789
0.06351061
0.06375652
0.06165905
0.06107585
0.07644106
0.06194855
0.06080048
0.06109398
0.06866559
0.07304338
0.07270484
0.06197732
0.06640334
0.06032207
0.06391788
0.06254166
0.06756464
0.06530422
0.06334049
0.06052750
0.06100162
0.06444200
0.06099545
0.06100925
0.06019340
0.06091266
0.05991745
0.05977326
0.06030641
0.06354697
0.06508881
0.06452333
0.06850709
0.06980543
0.06781195
0.08660137
0.08542323
0.07906581
0.07282715
0.07018255
0.07098273
0.07109768
0.06830930
0.06720916
0.06840819
0.06151786
0.06373012
0.06659892
0.06740387
0.06037406
0.06152714
0.05950565
0.06796073
0.06140997
0.06327699
0.06051476
0.06136910
0.06331245
0.06201322
0.08674240
0.08552480
0.08947193
0.06823646
0.07736885
0.06197461
0.06097456
0.06429890
0.06044813
0.06871937
0.06479050
0.06161425
0.06137440
0.05959064
0.05986354
0.06104051
0.06863447
0.07478853
0.06721418
0.06350394
0.06074813
0.06032005
0.06116923
0.06266906
0.06272685
0.06123994
0.06028258
0.06267506
0.07896291
0.06325142
0.06054913
0.06761009
0.06101301
0.05984198
0.06020593
0.06555155
0.06335137
0.06008575
0.06442637
0.06970144
0.06176151
0.06449337
0.06117468
0.06377394
0.06045403
0.09988414
0.08990254
0.09282057
0.11066391
0.06926958
0.06761910
0.06560516
0.06290083
0.06175088
0.06467047
0.06684327
0.06083008
0.06161818
0.05990695
0.06119369
0.06524415
0.05910192
0.05920675
0.05975994
0.06411213
0.06032351
0.06407584
0.05981858
0.05937156
0.06101223
0.06795474
0.06650822
0.06607479
0.06027278
0.05981101
0.06129977
0.06461200
0.06289084
0.07328473
0.06189509
0.05945060
0.06077342
0.06007145
0.05942681
0.05994708
0.05888277
0.05952791
0.05956657
0.06634624
0.05998983
0.06276377
0.05951873
0.06585889
0.06180657
0.05980186
0.05918656
0.06212306
0.07619830
0.05945217
0.06265860
0.06106742
0.06418042
0.06333328
0.06352493
0.05967572
0.05932978
0.06291326
0.07349134
0.06135855
0.06720535
0.05944808
0.05943560
0.07461144
0.10024469
0.07082054
0.06492167
0.05947365
0.06113364
0.06018171
0.06007060
0.06510590
0.07087232
0.06067524
0.05885830
0.05871924
0.05978782
0.05921297
0.06134084
0.05820925
0.05936199
0.05878337
0.05924819
0.06065221
0.06085153
0.06022750
0.06012503
0.06856966
0.07336387
0.14935967
0.12473762
0.18070293
0.07895673
0.07244590
0.06598971
0.06711450
0.07309572
0.06175517
0.05981805
0.06104484
0.07111499
0.06985398
0.06028835
0.05948726
0.05992803
0.07599136
0.06585838
0.06967853
0.06993847
0.06722100
0.06003210
0.06185565
0.05882176
0.06136205
0.06233565
0.07671881
0.06253411
0.05908327
0.06043806
0.06194375
0.05971203
0.06246421
0.05828882
0.05926125
0.05854384
0.05866691
0.05982978
0.05851887
0.05886649
0.05951551
0.06138696
0.06079679
0.06671680
0.06008379
0.06576734
0.06401384
0.06587112
0.07364128
0.06063292
0.05876991
0.05836106
0.06358747
0.05976167
0.05858005
0.05870489
0.06366607
0.06131882
0.06005863
0.06334273
0.05871333
0.05942673
0.05951447
0.06102875
0.06062375
0.05901043
0.06538344
0.05960219
0.06083145
0.05841747
0.05847061
0.06187380
0.05965840
0.06251447
0.06260685
0.06551406
0.06165469
0.06229652
0.05994150
0.06385049
0.06350818
0.06116936
0.05930594
0.06225137
0.06171690
0.06434440
0.06359632
0.07291749
0.06943392
0.06313752
0.07167303
0.07058807
0.07067826
0.07395577
0.06030501
0.06718236
0.07803520
0.06243954
0.07123792
0.06806431
0.07379584
0.05918047
0.06732665
0.07240362
0.05875322
0.05839938
0.06158442
0.06128794
0.06234108
0.06086080
0.06425413
0.05977661
0.05924601
0.05952926
0.06186245
0.06287150
0.06585613
0.06542818
0.06092861
0.05863267
0.05793137
0.05890028
0.05831375
0.05911552
0.06178988
0.06343804
0.06043823
0.05826891
0.05842608
0.05855579
0.06005603
0.05756247
0.05905916
0.06609467
0.05958139
0.05801263
0.05959837
0.05818156
0.05832657
0.06114312
0.06135397
0.05939712
0.05874632
0.05763473
0.05782700
0.05754988
0.05867249
0.05883939
0.05863011
0.05907417
0.05870155
0.06234994
0.05782854
0.05792143
0.05827259
0.05995051
0.05849143
0.05905927
0.05813821
0.05759693
0.05880539
0.06656100
0.06394453
0.06082791
0.06507468
0.05980373
0.06164528
0.07135508
0.05789787
0.05783297
0.05887155
0.05747114
0.06129799
0.06830051
0.05842386
0.05808689
0.06016556
0.05733794
0.05754959
0.05975390
0.06179547
0.06349480
0.05940329
0.05879132
0.05923027
0.05958804
0.05853463
0.05837225
0.05984458
0.05771238
0.05808523
0.05903673
0.05874263
0.05816914
0.05810547
0.06130635
0.06727707
0.06646086
0.05926056
0.06118144
0.05705857
0.05791400
0.05868708
0.06960082
0.08354236
0.06567128
0.06031283
0.05895029
0.05848122
0.06085070
0.07133050
0.07139624
0.06828131
0.06549716
0.06925563
0.06249831
0.05871527
0.08393352
0.07419690
0.06307270
0.07138177
0.05704422
0.05994098
0.05979471
0.06166565
0.05954020
0.07578828
0.06765164
0.05756403
0.05689556
0.05688667
0.06475599
0.07666480
0.06037784
0.06667063
0.06466213
0.07477306
0.06633274
0.08487949
0.06098585
0.05871735
0.05768989
0.06276450
0.06078748
0.06021603
0.05898675
0.06018455
0.05816629
0.06043659
0.06697456
0.05970026
0.05965386
0.05678033
0.05696374
0.05719793
0.05918776
0.05895078
0.08225068
0.06025359
0.05872855
0.05734466
0.06239272
0.06000904
0.05803603
0.05762385
0.05704063
0.05701906
0.05738387
0.06425820
0.05724606
0.05680994
0.05686095
0.05718520
0.05902747
0.05688291
0.06197289
0.06337298
0.08172760
0.07390416
0.07784868
0.06800217
0.06427462
0.05829818
0.05852090
0.05742894
0.05815000
0.05820684
0.05816536
0.05737677
0.05903240
0.05736944
0.05878309
0.05754253
0.05808182
0.05836847
0.06149634
0.05816199
0.05924411
0.05926123
0.05767690
0.05783874
0.05711363
0.05699514
0.06129035
0.05694009
0.05918236
0.05901927
0.05857408
0.05642510
0.05630637
0.05953542
0.05629823
0.05696113
0.06017813
0.07222019
0.07907189
0.07496426
0.06407140
0.06626648
0.06229031
0.06062036
0.05742649
0.05707564
0.05723857
0.07041790
0.06723975
0.07280573
0.06442237
0.06202057
0.05684350
0.05770511
0.05668185
0.05719417
0.05650550
0.05726396
0.05638422
0.05648954
0.05638184
0.05790598
0.06078901
0.05910653
0.05717272
0.05649602
0.05787671
0.05972333
0.05590899
0.05610632
0.05634580
0.05688770
0.05627833
0.05800080
0.05932870
0.05620186
0.05641704
0.07003574
0.06227429
0.06748164
0.06163373
0.05883127
0.05817155
0.05771661
0.05659391
0.05618426
0.05616369
0.06099050
0.05911285
0.06411956
0.06236942
0.05781840
0.06029669
0.05911245
0.05676670
0.05692274
0.05680061
0.05632992
0.06011644
0.05838651
0.05808553
0.05969945
0.07130720
0.07255510
0.06548622
0.06687978
0.06150647
0.05859220
0.06171187
0.05652614
0.05683469
0.05658014
0.05726746
0.05771176
0.05883440
0.05694121
0.05755899
0.05772199
0.06124145
0.05933653
0.06034450
0.05691875
0.06112379
0.05865740
0.05822623
0.05947491
0.05765999
0.05678663
0.05836658
0.07136717
0.06141794
0.06393945
0.06259688
0.05955509
0.05950049
0.06384782
0.06208401
0.05805421
0.05950761
0.05698806
0.05686254
0.05744396
